[UID],[MID],[HID],[NumShares]
524,58,1,0
524,59,1,0
524,60,1,0
524,62,1,0
524,63,1,0
524,64,1,0
524,65,1,0
524,66,1,0
524,67,1,0
524,68,1,0
524,69,1,0
524,70,1,0
524,71,1,0
524,72,1,0
524,73,1,0
524,74,1,0
524,75,1,0
524,76,1,0
524,77,1,0
524,78,1,0
524,79,1,0
721,58,1,0
721,59,1,0
721,60,1,0
721,62,1,0
721,63,1,0
721,64,1,0
721,65,1,0
721,66,1,0
721,67,1,0
721,68,1,0
721,69,1,0
721,70,1,0
721,71,1,0
721,72,1,0
721,73,1,0
721,74,1,0
721,75,1,0
721,76,1,0
721,77,1,0
721,78,1,0
721,79,1,0
722,58,1,0
722,59,1,0
722,60,1,0
722,62,1,0
722,63,1,0
722,64,1,0
722,65,1,0
722,66,1,0
722,67,1,0
722,68,1,0
722,69,1,0
722,70,1,0
722,71,1,0
722,72,1,0
722,73,1,0
722,74,1,0
722,75,1,0
722,76,1,0
722,77,1,0
722,78,1,0
722,79,1,0
723,58,1,0
723,59,1,0
723,60,1,0
723,62,1,0
723,63,1,0
723,64,1,0
723,65,1,0
723,66,1,0
723,67,1,0
723,68,1,0
723,69,1,0
723,70,1,0
723,71,1,0
723,72,1,0
723,73,1,0
723,74,1,0
723,75,1,0
723,76,1,0
723,77,1,0
723,78,1,0
723,79,1,0
724,58,1,-7.0362659
724,59,1,-4.9959998
724,60,1,-13.918952
724,62,1,-5.4646835
724,63,1,-6.416163
724,64,1,-7.5206017
724,65,1,-13.496028
724,66,1,1.7493955
724,67,1,-12.782224
724,68,1,12.222469
724,69,1,9.607235
724,70,1,6.5291696
724,71,1,-5.9909797
724,72,1,-3.5548024
724,73,1,-4.9122009
724,74,1,6.0126505
724,75,1,15.954524
724,76,1,7.5740523
724,77,1,-6.6490922
724,78,1,-8.0115948
724,79,1,8.9632759
725,58,1,0
725,59,1,0
725,60,1,0
725,62,1,-26.222933
725,63,1,0
725,64,1,-24.3675
725,65,1,21.588625
725,66,1,9.3892117
725,67,1,0
725,68,1,5.3066998
725,69,1,0
725,70,1,-32.755814
725,71,1,0
725,72,1,0
725,73,1,-26.039627
725,74,1,-26.596062
725,75,1,0
725,76,1,0
725,77,1,-9.165801
725,78,1,0
725,79,1,-13.85471
726,58,1,0
726,59,1,5.7564707
726,60,1,14.010858
726,62,1,-12.740967
726,63,1,-6.7536902
726,64,1,-22.004681
726,65,1,9.9714184
726,66,1,-10.154601
726,67,1,0
726,68,1,0
726,69,1,-31.408077
726,70,1,0
726,71,1,43.370975
726,72,1,20.48852
726,73,1,17.431767
726,74,1,9.9937124
726,75,1,0
726,76,1,9.0538893
726,77,1,29.009266
726,78,1,0
726,79,1,0
727,58,1,0
727,59,1,2.763684
727,60,1,28.69245
727,62,1,-14.572088
727,63,1,31.229307
727,64,1,0
727,65,1,3.9665442
727,66,1,-14.533643
727,67,1,0
727,68,1,7.5082846
727,69,1,0
727,70,1,0
727,71,1,-7.9065013
727,72,1,-11.392217
727,73,1,-17.139305
727,74,1,-12.16129
727,75,1,0
727,76,1,-6.3248911
727,77,1,-27.870138
727,78,1,0
727,79,1,0
728,58,1,0
728,59,1,-42.072956
728,60,1,0
728,62,1,0
728,63,1,-12.726501
728,64,1,0
728,65,1,0
728,66,1,0
728,67,1,-25.509773
728,68,1,-17.695168
728,69,1,0
728,70,1,-35.913006
728,71,1,0
728,72,1,0
728,73,1,-39.415226
728,74,1,21.377542
728,75,1,0
728,76,1,0
728,77,1,0
728,78,1,0
728,79,1,0
729,58,1,3.168
729,59,1,15.447615
729,60,1,-23.3918
729,62,1,-4.165
729,63,1,-32.718964
729,64,1,0
729,65,1,0
729,66,1,-38.040897
729,67,1,-25.893053
729,68,1,5.5029998
729,69,1,0
729,70,1,0
729,71,1,0
729,72,1,-14.037468
729,73,1,-2.733
729,74,1,4.4035792
729,75,1,0
729,76,1,0
729,77,1,0
729,78,1,0
729,79,1,-15.722
730,58,1,0
730,59,1,30.974213
730,60,1,0
730,62,1,-27.728292
730,63,1,-21.256626
730,64,1,0
730,65,1,19.2812
730,66,1,0
730,67,1,46.737675
730,68,1,0
730,69,1,0
730,70,1,0
730,71,1,0
730,72,1,0
730,73,1,0
730,74,1,-20.784643
730,75,1,0
730,76,1,0
730,77,1,0
730,78,1,27.744436
730,79,1,0
731,58,1,0
731,59,1,0
731,60,1,0
731,62,1,0
731,63,1,-23.386677
731,64,1,0
731,65,1,0
731,66,1,0
731,67,1,-34.130001
731,68,1,11.618633
731,69,1,0
731,70,1,0
731,71,1,30.233809
731,72,1,0
731,73,1,-23.22604
731,74,1,0
731,75,1,0
731,76,1,0
731,77,1,0
731,78,1,0
731,79,1,16.976915
732,58,1,0
732,59,1,0
732,60,1,0
732,62,1,0
732,63,1,0
732,64,1,0
732,65,1,0
732,66,1,0
732,67,1,0
732,68,1,0
732,69,1,0
732,70,1,0
732,71,1,0
732,72,1,0
732,73,1,0
732,74,1,0
732,75,1,0
732,76,1,0
732,77,1,0
732,78,1,0
732,79,1,0
733,58,1,0
733,59,1,0
733,60,1,0
733,62,1,0
733,63,1,-36.260323
733,64,1,0
733,65,1,0
733,66,1,0
733,67,1,0
733,68,1,0
733,69,1,0
733,70,1,1.2723842
733,71,1,-30.619183
733,72,1,0
733,73,1,0
733,74,1,-3.6681805
733,75,1,0
733,76,1,-0.56199998
733,77,1,0
733,78,1,0
733,79,1,71.342003
734,58,1,0
734,59,1,0
734,60,1,0
734,62,1,0
734,63,1,0
734,64,1,0
734,65,1,22.843
734,66,1,0
734,67,1,-12.019917
734,68,1,0
734,69,1,0
734,70,1,15.018284
734,71,1,0
734,72,1,0
734,73,1,-29.852581
734,74,1,0
734,75,1,7.8779998
734,76,1,-18.564409
734,77,1,0
734,78,1,0
734,79,1,6.3759999
735,58,1,5.6705961
735,59,1,7.2143674
735,60,1,7.3987126
735,62,1,9.9301023
735,63,1,0
735,64,1,0
735,65,1,13.84776
735,66,1,0
735,67,1,28.193604
735,68,1,7.9885244
735,69,1,13.588778
735,70,1,25.042604
735,71,1,0
735,72,1,0
735,73,1,0
735,74,1,0
735,75,1,2.9699426
735,76,1,0
735,77,1,28.808607
735,78,1,23.512173
735,79,1,6.8823462
736,58,1,0
736,59,1,-19.206171
736,60,1,0
736,62,1,8.4644413
736,63,1,24.378149
736,64,1,0
736,65,1,-23.779501
736,66,1,0
736,67,1,16.572079
736,68,1,-24.937614
736,69,1,0
736,70,1,-20.765551
736,71,1,0
736,72,1,20.663429
736,73,1,42.243706
736,74,1,0
736,75,1,6.6012421
736,76,1,8.4137774
736,77,1,15.661689
736,78,1,33.649567
736,79,1,12.444057
737,58,1,0
737,59,1,0
737,60,1,0
737,62,1,0
737,63,1,29.81246
737,64,1,0
737,65,1,0
737,66,1,12.369159
737,67,1,12.390322
737,68,1,6.8028622
737,69,1,8.0140219
737,70,1,60.897537
737,71,1,3.424582
737,72,1,10.753784
737,73,1,18.788322
737,74,1,0
737,75,1,26.177786
737,76,1,8.4113026
737,77,1,7.5301147
737,78,1,4.5426564
737,79,1,7.7333817
738,58,1,12.454045
738,59,1,0
738,60,1,0
738,62,1,0
738,63,1,-19.614723
738,64,1,21.896273
738,65,1,0
738,66,1,0
738,67,1,-13.225923
738,68,1,0
738,69,1,8.8460741
738,70,1,9.5506248
738,71,1,0
738,72,1,0
738,73,1,0
738,74,1,-10.005989
738,75,1,0
738,76,1,-11.103932
738,77,1,0
738,78,1,-30.538931
738,79,1,12.464179
739,58,1,0
739,59,1,0
739,60,1,0
739,62,1,0
739,63,1,0
739,64,1,0
739,65,1,0
739,66,1,0
739,67,1,0
739,68,1,0
739,69,1,0
739,70,1,0
739,71,1,0
739,72,1,0
739,73,1,0
739,74,1,0
739,75,1,0
739,76,1,0
739,77,1,0
739,78,1,0
739,79,1,0
740,58,1,-42.367794
740,59,1,12.137125
740,60,1,0
740,62,1,0
740,63,1,-14.298887
740,64,1,-34.206684
740,65,1,-31.963043
740,66,1,-42.430626
740,67,1,-12.60208
740,68,1,0
740,69,1,-43.945152
740,70,1,0
740,71,1,13.339441
740,72,1,0
740,73,1,0
740,74,1,-22.557766
740,75,1,0
740,76,1,8.4974947
740,77,1,0
740,78,1,0
740,79,1,0
741,58,1,0
741,59,1,0
741,60,1,0
741,62,1,0
741,63,1,27.275
741,64,1,-29.783232
741,65,1,-12.230097
741,66,1,0
741,67,1,11.692
741,68,1,-87.248611
741,69,1,0
741,70,1,-9.4499998
741,71,1,8.8319998
741,72,1,-9.1780005
741,73,1,0
741,74,1,-23.641001
741,75,1,-50.422668
741,76,1,0
741,77,1,0
741,78,1,-43.28418
741,79,1,-47.263
742,58,1,0
742,59,1,0
742,60,1,0
742,62,1,0
742,63,1,0
742,64,1,0
742,65,1,0
742,66,1,0
742,67,1,0
742,68,1,0
742,69,1,0
742,70,1,0
742,71,1,0
742,72,1,0
742,73,1,0
742,74,1,0
742,75,1,0
742,76,1,0
742,77,1,0
742,78,1,0
742,79,1,0
743,58,1,3.3295627
743,59,1,3.676861
743,60,1,15.39778
743,62,1,2.5118461
743,63,1,24.253153
743,64,1,6.069356
743,65,1,11.616468
743,66,1,-11.731186
743,67,1,21.558779
743,68,1,-8.301136
743,69,1,13.984
743,70,1,-20.058001
743,71,1,15.325
743,72,1,7.6591263
743,73,1,46.8395
743,74,1,4.0355487
743,75,1,0
743,76,1,-26.302874
743,77,1,14.568
743,78,1,-2.0657911
743,79,1,13.281867
744,58,1,13.156121
744,59,1,0
744,60,1,0
744,62,1,9.7208319
744,63,1,-15.541889
744,64,1,0
744,65,1,0
744,66,1,16.830639
744,67,1,-17.859814
744,68,1,10.583239
744,69,1,11.805335
744,70,1,0
744,71,1,-11.741898
744,72,1,0
744,73,1,-11.404469
744,74,1,0
744,75,1,0
744,76,1,20.29817
744,77,1,0
744,78,1,13.092203
744,79,1,0
745,58,1,0
745,59,1,-23.804472
745,60,1,-57.611275
745,62,1,-43.846199
745,63,1,-13.329043
745,64,1,0
745,65,1,17.545828
745,66,1,0
745,67,1,-12.564081
745,68,1,-38.821445
745,69,1,-21.02902
745,70,1,0
745,71,1,0
745,72,1,-19.40061
745,73,1,0
745,74,1,0
745,75,1,-24.425718
745,76,1,0
745,77,1,0
745,78,1,0
745,79,1,-26.351301
746,58,1,0
746,59,1,0
746,60,1,0
746,62,1,0
746,63,1,0
746,64,1,0
746,65,1,0
746,66,1,0
746,67,1,0
746,68,1,0
746,69,1,0
746,70,1,0
746,71,1,0
746,72,1,0
746,73,1,0
746,74,1,0
746,75,1,0
746,76,1,0
746,77,1,0
746,78,1,0
746,79,1,0
747,58,1,0
747,59,1,0
747,60,1,0
747,62,1,0
747,63,1,0
747,64,1,0
747,65,1,0
747,66,1,0
747,67,1,0
747,68,1,0
747,69,1,0
747,70,1,0
747,71,1,0
747,72,1,0
747,73,1,0
747,74,1,0
747,75,1,0
747,76,1,0
747,77,1,0
747,78,1,0
747,79,1,0
748,58,1,14.550746
748,59,1,14.977478
748,60,1,0
748,62,1,0
748,63,1,-11.642088
748,64,1,5.6507268
748,65,1,11.660286
748,66,1,0
748,67,1,-3.6543198
748,68,1,13.591563
748,69,1,22.304499
748,70,1,0
748,71,1,-7.1374536
748,72,1,0
748,73,1,-12.512038
748,74,1,0
748,75,1,0
748,76,1,0
748,77,1,-15.984308
748,78,1,0
748,79,1,9.8543167
749,58,1,-48.224892
749,59,1,-21.269213
749,60,1,0
749,62,1,0
749,63,1,-5.9375582
749,64,1,0
749,65,1,-38.165951
749,66,1,29.787064
749,67,1,20.766939
749,68,1,-26.081614
749,69,1,-55.477188
749,70,1,0
749,71,1,34.540447
749,72,1,0
749,73,1,41.990131
749,74,1,0
749,75,1,0
749,76,1,0
749,77,1,35.573788
749,78,1,0
749,79,1,-17.298895
750,58,1,15.915468
750,59,1,0
750,60,1,0
750,62,1,34.555153
750,63,1,0
750,64,1,7.5240355
750,65,1,-38.133682
750,66,1,0
750,67,1,0
750,68,1,0
750,69,1,12.737159
750,70,1,0
750,71,1,0
750,72,1,0
750,73,1,0
750,74,1,0
750,75,1,0
750,76,1,37.155979
750,77,1,24.572439
750,78,1,0
750,79,1,25.928654
751,58,1,-96.860542
751,59,1,-61.561867
751,60,1,0
751,62,1,0
751,63,1,0
751,64,1,0
751,65,1,0
751,66,1,0
751,67,1,-61.911049
751,68,1,0
751,69,1,0
751,70,1,0
751,71,1,0
751,72,1,0
751,73,1,0
751,74,1,0
751,75,1,0
751,76,1,0
751,77,1,0
751,78,1,0
751,79,1,0
752,58,1,0
752,59,1,0
752,60,1,0
752,62,1,0
752,63,1,0
752,64,1,0
752,65,1,0
752,66,1,0
752,67,1,0
752,68,1,0
752,69,1,0
752,70,1,0
752,71,1,0
752,72,1,0
752,73,1,0
752,74,1,0
752,75,1,0
752,76,1,0
752,77,1,0
752,78,1,0
752,79,1,0
753,58,1,-9.9434319
753,59,1,5.0279999
753,60,1,-30.792307
753,62,1,0
753,63,1,-12.428493
753,64,1,-10.417179
753,65,1,-21.537809
753,66,1,-12.723654
753,67,1,-13.721902
753,68,1,-25.458345
753,69,1,0
753,70,1,-20.207611
753,71,1,-12.818446
753,72,1,-14.681056
753,73,1,0
753,74,1,-8.1410704
753,75,1,-33.487011
753,76,1,0
753,77,1,-14.618462
753,78,1,-7.6085496
753,79,1,-20.281378
754,58,1,0
754,59,1,0
754,60,1,0
754,62,1,0
754,63,1,-37.182785
754,64,1,0
754,65,1,99.084999
754,66,1,0
754,67,1,0
754,68,1,0
754,69,1,0
754,70,1,0
754,71,1,0
754,72,1,0
754,73,1,0
754,74,1,0
754,75,1,0
754,76,1,0
754,77,1,0
754,78,1,0
754,79,1,0
755,58,1,0
755,59,1,0
755,60,1,0
755,62,1,26.948999
755,63,1,-80.238907
755,64,1,0
755,65,1,0
755,66,1,0
755,67,1,-6.1283455
755,68,1,0
755,69,1,0
755,70,1,0
755,71,1,0
755,72,1,0
755,73,1,-23.018345
755,74,1,0
755,75,1,0
755,76,1,0
755,77,1,0
755,78,1,0
755,79,1,0
756,58,1,9.4945211
756,59,1,53.046215
756,60,1,0
756,62,1,0
756,63,1,-53.046215
756,64,1,0
756,65,1,0
756,66,1,0
756,67,1,-19.090282
756,68,1,0
756,69,1,19.090282
756,70,1,0
756,71,1,0
756,72,1,0
756,73,1,-9.7618599
756,74,1,0
756,75,1,0
756,76,1,0
756,77,1,-8.9504213
756,78,1,0
756,79,1,9.7618599
757,58,1,2.9641302
757,59,1,2.9091356
757,60,1,0
757,62,1,0
757,63,1,-37.941177
757,64,1,-4.4564247
757,65,1,0
757,66,1,4.8941889
757,67,1,-18.358395
757,68,1,2.6876702
757,69,1,6.2452455
757,70,1,2.5436037
757,71,1,-14.578777
757,72,1,-3.2297943
757,73,1,-13.71814
757,74,1,0
757,75,1,0
757,76,1,-8.6263638
757,77,1,0
757,78,1,-8.1547661
757,79,1,15.228367
758,58,1,0
758,59,1,0
758,60,1,0
758,62,1,0
758,63,1,-25.141287
758,64,1,0
758,65,1,0
758,66,1,0
758,67,1,-41.476082
758,68,1,0
758,69,1,48.971443
758,70,1,0
758,71,1,0
758,72,1,0
758,73,1,0
758,74,1,0
758,75,1,0
758,76,1,0
758,77,1,0
758,78,1,0
758,79,1,20.060602
759,58,1,0
759,59,1,0
759,60,1,0
759,62,1,19.763439
759,63,1,0
759,64,1,0
759,65,1,0
759,66,1,0
759,67,1,0
759,68,1,0
759,69,1,0
759,70,1,0
759,71,1,-33.489208
759,72,1,0
759,73,1,0
759,74,1,0
759,75,1,0
759,76,1,-39.171001
759,77,1,0
759,78,1,40.316906
759,79,1,33.339188
760,58,1,0
760,59,1,8.6855879
760,60,1,0
760,62,1,0
760,63,1,35.734039
760,64,1,0
760,65,1,13.358434
760,66,1,0
760,67,1,0
760,68,1,5.6127071
760,69,1,12.139984
760,70,1,12.138896
760,71,1,0
760,72,1,0
760,73,1,0
760,74,1,19.199194
760,75,1,0
760,76,1,9.4467163
760,77,1,0
760,78,1,20.828276
760,79,1,24.399372
761,58,1,8.1211901
761,59,1,7.1374102
761,60,1,0
761,62,1,5.8173571
761,63,1,-4.8780465
761,64,1,-12.385159
761,65,1,-18.549
761,66,1,-3.5157862
761,67,1,-13.296711
761,68,1,2.4310343
761,69,1,0
761,70,1,4.6940303
761,71,1,-4.9663115
761,72,1,5.3143258
761,73,1,-11.041798
761,74,1,5.9398556
761,75,1,-7.8375292
761,76,1,-7.559412
761,77,1,-12.713282
761,78,1,13.045663
761,79,1,-35.12336
762,58,1,0
762,59,1,70.401146
762,60,1,0
762,62,1,0
762,63,1,0
762,64,1,0
762,65,1,0
762,66,1,72.195847
762,67,1,0
762,68,1,0
762,69,1,0
762,70,1,0
762,71,1,0
762,72,1,0
762,73,1,0
762,74,1,0
762,75,1,0
762,76,1,0
762,77,1,0
762,78,1,0
762,79,1,0
763,58,1,0
763,59,1,0
763,60,1,4.5259666
763,62,1,0
763,63,1,0
763,64,1,0
763,65,1,13.73875
763,66,1,0
763,67,1,0
763,68,1,45.352985
763,69,1,0
763,70,1,12.924274
763,71,1,0
763,72,1,0
763,73,1,0
763,74,1,3.6435077
763,75,1,0
763,76,1,0
763,77,1,0
763,78,1,12.133717
763,79,1,36.885712
764,58,1,0
764,59,1,0
764,60,1,0
764,62,1,0
764,63,1,0
764,64,1,0
764,65,1,0
764,66,1,0
764,67,1,0
764,68,1,0
764,69,1,0
764,70,1,0
764,71,1,0
764,72,1,0
764,73,1,218.09081
764,74,1,-10.062971
764,75,1,0
764,76,1,0
764,77,1,0
764,78,1,0
764,79,1,5.8170962
765,58,1,0
765,59,1,23.936659
765,60,1,-37.392296
765,62,1,0
765,63,1,0
765,64,1,0
765,65,1,18.409466
765,66,1,0
765,67,1,0
765,68,1,11.434114
765,69,1,0
765,70,1,0
765,71,1,0
765,72,1,0
765,73,1,-23.159031
765,74,1,1.316
765,75,1,0
765,76,1,10.114342
765,77,1,-14.684214
765,78,1,-18.108633
765,79,1,4.1000001E-2
766,58,1,7.9820986
766,59,1,7.8836961
766,60,1,6.6112309
766,62,1,4.6695399
766,63,1,-6.4477339
766,64,1,-6.8758826
766,65,1,13.243698
766,66,1,-6.0417714
766,67,1,-10.389379
766,68,1,8.5365191
766,69,1,5.1012402
766,70,1,3.1746545
766,71,1,-6.751092
766,72,1,-6.1739507
766,73,1,-9.4359369
766,74,1,-5.3589067
766,75,1,8.1764174
766,76,1,8.5166702
766,77,1,14.213907
766,78,1,-7.8435917
766,79,1,6.1137333
767,58,1,0
767,59,1,0
767,60,1,19.049036
767,62,1,19.977362
767,63,1,0
767,64,1,0
767,65,1,0
767,66,1,0
767,67,1,0
767,68,1,4.0842166
767,69,1,0
767,70,1,33.141079
767,71,1,0
767,72,1,0
767,73,1,0
767,74,1,40.998096
767,75,1,0
767,76,1,0
767,77,1,33.446419
767,78,1,0
767,79,1,22.4688
768,58,1,0
768,59,1,0
768,60,1,0
768,62,1,0
768,63,1,0
768,64,1,0
768,65,1,0
768,66,1,0
768,67,1,0
768,68,1,0
768,69,1,0
768,70,1,0
768,71,1,0
768,72,1,0
768,73,1,0
768,74,1,0
768,75,1,0
768,76,1,0
768,77,1,0
768,78,1,0
768,79,1,0
769,58,1,6.1208644
769,59,1,0
769,60,1,0
769,62,1,11.856693
769,63,1,0
769,64,1,-24.077343
769,65,1,0
769,66,1,-10.491278
769,67,1,-6.2089901
769,68,1,6.0711904
769,69,1,0
769,70,1,13.995165
769,71,1,0
769,72,1,-32.264458
769,73,1,-12.677608
769,74,1,0
769,75,1,8.9470015
769,76,1,0
769,77,1,0
769,78,1,21.968048
769,79,1,-17.73904
770,58,1,0
770,59,1,12.366474
770,60,1,0
770,62,1,0
770,63,1,167.28101
770,64,1,0
770,65,1,0
770,66,1,0
770,67,1,0
770,68,1,0
770,69,1,-41.191532
770,70,1,0
770,71,1,0
770,72,1,0
770,73,1,-25.342482
770,74,1,0
770,75,1,0
770,76,1,0
770,77,1,0
770,78,1,0
770,79,1,12.161141
771,58,1,0
771,59,1,0
771,60,1,0
771,62,1,0
771,63,1,0
771,64,1,0
771,65,1,0
771,66,1,0
771,67,1,0
771,68,1,0
771,69,1,0
771,70,1,0
771,71,1,0
771,72,1,0
771,73,1,0
771,74,1,0
771,75,1,63.370029
771,76,1,107.39832
771,77,1,0
771,78,1,0
771,79,1,0
772,58,1,0
772,59,1,-33.653263
772,60,1,13.495546
772,62,1,0
772,63,1,-25.702917
772,64,1,0
772,65,1,0
772,66,1,0
772,67,1,0
772,68,1,0
772,69,1,0
772,70,1,-71.188591
772,71,1,0
772,72,1,0
772,73,1,-20.724932
772,74,1,0
772,75,1,0
772,76,1,-29.478981
772,77,1,0
772,78,1,-34.94553
772,79,1,0
773,58,1,0
773,59,1,0
773,60,1,15.377236
773,62,1,0
773,63,1,0
773,64,1,0
773,65,1,0
773,66,1,0
773,67,1,0
773,68,1,0
773,69,1,0
773,70,1,0
773,71,1,0
773,72,1,0
773,73,1,-12.25678
773,74,1,0
773,75,1,47.988201
773,76,1,-35.360111
773,77,1,-39.95747
773,78,1,0
773,79,1,2.509717
774,58,1,0
774,59,1,0
774,60,1,0
774,62,1,0
774,63,1,-37.847866
774,64,1,0
774,65,1,0
774,66,1,0
774,67,1,-24.687054
774,68,1,0
774,69,1,0
774,70,1,0
774,71,1,0
774,72,1,0
774,73,1,-28.157835
774,74,1,0
774,75,1,0
774,76,1,0
774,77,1,-48.873138
774,78,1,0
774,79,1,0
775,58,1,0
775,59,1,-10.959126
775,60,1,12.796047
775,62,1,20.97291
775,63,1,29.795267
775,64,1,0
775,65,1,0
775,66,1,20.350304
775,67,1,-8.9987803
775,68,1,11.282724
775,69,1,0
775,70,1,0
775,71,1,27.818003
775,72,1,0
775,73,1,-6.7134633
775,74,1,22.119078
775,75,1,0
775,76,1,9.8455439
775,77,1,0
775,78,1,11.641769
775,79,1,0
776,58,1,-32.426998
776,59,1,-28.325804
776,60,1,-21.391609
776,62,1,-11.627966
776,63,1,0
776,64,1,-11.710585
776,65,1,-28.968601
776,66,1,0
776,67,1,0
776,68,1,6.6147075
776,69,1,-30.207253
776,70,1,6.8036008
776,71,1,-11.001
776,72,1,-13.105652
776,73,1,49.698868
776,74,1,18.476513
776,75,1,11.649
776,76,1,20.456779
776,77,1,24.447001
776,78,1,-8.7069998
776,79,1,-54.975365
777,58,1,15.124342
777,59,1,0
777,60,1,0
777,62,1,0
777,63,1,0
777,64,1,0
777,65,1,0
777,66,1,0
777,67,1,-25.384705
777,68,1,28.619686
777,69,1,0
777,70,1,0
777,71,1,-30.729418
777,72,1,0
777,73,1,-29.10323
777,74,1,-17.090467
777,75,1,0
777,76,1,0
777,77,1,0
777,78,1,0
777,79,1,0
778,58,1,0
778,59,1,0
778,60,1,0
778,62,1,0
778,63,1,49.323196
778,64,1,0
778,65,1,0
778,66,1,0
778,67,1,34.799793
778,68,1,24.95038
778,69,1,0
778,70,1,0
778,71,1,0
778,72,1,0
778,73,1,0
778,74,1,43.495838
778,75,1,0
778,76,1,0
778,77,1,0
778,78,1,0
778,79,1,51.787159
779,58,1,0
779,59,1,0
779,60,1,0
779,62,1,0
779,63,1,0
779,64,1,46.039722
779,65,1,0
779,66,1,0
779,67,1,-37.796001
779,68,1,0
779,69,1,0
779,70,1,0
779,71,1,0
779,72,1,0
779,73,1,-38.816002
779,74,1,0
779,75,1,0
779,76,1,0
779,77,1,0
779,78,1,0
779,79,1,13.402538
780,58,1,13.790388
780,59,1,0
780,60,1,2.6948185
780,62,1,-3.879704
780,63,1,0
780,64,1,0
780,65,1,0
780,66,1,3.9469118
780,67,1,-2.4754884
780,68,1,0
780,69,1,0
780,70,1,0
780,71,1,-14.796971
780,72,1,0
780,73,1,0
780,74,1,0
780,75,1,0
780,76,1,-46.014816
780,77,1,40.655209
780,78,1,0
780,79,1,0
781,58,1,-25.422855
781,59,1,0
781,60,1,14.030459
781,62,1,-24.877851
781,63,1,0
781,64,1,-35.173683
781,65,1,0
781,66,1,0
781,67,1,0
781,68,1,11.969269
781,69,1,0
781,70,1,0
781,71,1,0
781,72,1,-17.015625
781,73,1,0
781,74,1,18.868254
781,75,1,0
781,76,1,-39.120323
781,77,1,0
781,78,1,0
781,79,1,0
782,58,1,12.839025
782,59,1,12.946197
782,60,1,0
782,62,1,0
782,63,1,46.97514
782,64,1,0
782,65,1,0
782,66,1,0
782,67,1,40.591278
782,68,1,0
782,69,1,11.753402
782,70,1,13.04976
782,71,1,0
782,72,1,26.76656
782,73,1,0
782,74,1,25.794041
782,75,1,17.89576
782,76,1,18.881565
782,77,1,0
782,78,1,0
782,79,1,0
783,58,1,0
783,59,1,0
783,60,1,0
783,62,1,0
783,63,1,-37.161163
783,64,1,0
783,65,1,0
783,66,1,20.60718
783,67,1,0
783,68,1,0
783,69,1,0
783,70,1,0
783,71,1,0
783,72,1,0
783,73,1,0
783,74,1,-17.470163
783,75,1,0
783,76,1,0
783,77,1,-41.330223
783,78,1,-32.457424
783,79,1,0
784,58,1,-15.64
784,59,1,-66.057274
784,60,1,0
784,62,1,0
784,63,1,-32.995667
784,64,1,0
784,65,1,0
784,66,1,0
784,67,1,0
784,68,1,-52.717823
784,69,1,0
784,70,1,0
784,71,1,0
784,72,1,0
784,73,1,-13.839849
784,74,1,0
784,75,1,0
784,76,1,-18.102703
784,77,1,-14.990648
784,78,1,0
784,79,1,-42.457066
785,58,1,0
785,59,1,41.115726
785,60,1,0
785,62,1,16.20101
785,63,1,34.020905
785,64,1,0
785,65,1,0
785,66,1,0
785,67,1,0
785,68,1,0
785,69,1,0
785,70,1,0
785,71,1,0
785,72,1,0
785,73,1,0
785,74,1,0
785,75,1,28.185547
785,76,1,0
785,77,1,0
785,78,1,24.888641
785,79,1,29.153564
786,58,1,0
786,59,1,25.279757
786,60,1,28.116606
786,62,1,0
786,63,1,0
786,64,1,0
786,65,1,18.21261
786,66,1,0
786,67,1,0
786,68,1,0
786,69,1,19.709419
786,70,1,0
786,71,1,0
786,72,1,0
786,73,1,0
786,74,1,24.997459
786,75,1,0
786,76,1,0
786,77,1,37.920311
786,78,1,0
786,79,1,0
787,58,1,0
787,59,1,0
787,60,1,0
787,62,1,0
787,63,1,-12.632772
787,64,1,0
787,65,1,0
787,66,1,0
787,67,1,-37.658974
787,68,1,0
787,69,1,0
787,70,1,0
787,71,1,-26.276768
787,72,1,0
787,73,1,-25.081429
787,74,1,0
787,75,1,0
787,76,1,0
787,77,1,-26.769476
787,78,1,0
787,79,1,0
788,58,1,0
788,59,1,7.3532453
788,60,1,0
788,62,1,-25.990034
788,63,1,-36.307003
788,64,1,0
788,65,1,0
788,66,1,0
788,67,1,-17.711199
788,68,1,0
788,69,1,0
788,70,1,0
788,71,1,0
788,72,1,0
788,73,1,-36.007641
788,74,1,0
788,75,1,0
788,76,1,0
788,77,1,0
788,78,1,0
788,79,1,12.090608
789,58,1,7.5120068
789,59,1,8.492177
789,60,1,0
789,62,1,0
789,63,1,0
789,64,1,0
789,65,1,7.1009312
789,66,1,13.809492
789,67,1,8.1598473
789,68,1,13.174563
789,69,1,0
789,70,1,6.1869264
789,71,1,0
789,72,1,0
789,73,1,0
789,74,1,0
789,75,1,6.8218417
789,76,1,19.106741
789,77,1,0
789,78,1,0
789,79,1,11.870984
790,58,1,0.4268516
790,59,1,0
790,60,1,0
790,62,1,-23.011999
790,63,1,-91.086998
790,64,1,0
790,65,1,0
790,66,1,-1.0536195
790,67,1,-22.355597
790,68,1,0
790,69,1,0
790,70,1,-0.021
790,71,1,-80.178001
790,72,1,-11.635728
790,73,1,-73.331993
790,74,1,-11.698
790,75,1,0
790,76,1,-12.542
790,77,1,-37.862823
790,78,1,-28.252001
790,79,1,0
791,58,1,0
791,59,1,0
791,60,1,0
791,62,1,0
791,63,1,-30.641937
791,64,1,0
791,65,1,0
791,66,1,0
791,67,1,-33.459015
791,68,1,0
791,69,1,0
791,70,1,0
791,71,1,0
791,72,1,0
791,73,1,-32.439541
791,74,1,0
791,75,1,0
791,76,1,0
791,77,1,-34.7337
791,78,1,0
791,79,1,0
792,58,1,88.668999
792,59,1,0
792,60,1,0
792,62,1,0
792,63,1,0
792,64,1,0
792,65,1,0
792,66,1,0
792,67,1,0
792,68,1,0
792,69,1,0
792,70,1,0
792,71,1,0
792,72,1,0
792,73,1,0
792,74,1,-39.940857
792,75,1,0
792,76,1,0
792,77,1,0
792,78,1,0
792,79,1,-74.246452
793,58,1,0
793,59,1,0
793,60,1,0
793,62,1,-5.5971241
793,63,1,0
793,64,1,0
793,65,1,0
793,66,1,2.8880112
793,67,1,-6.1959844
793,68,1,0
793,69,1,6.7192817
793,70,1,0
793,71,1,0
793,72,1,-1.8349459
793,73,1,-9.1445074
793,74,1,5.267292
793,75,1,0
793,76,1,0
793,77,1,-3.0566034
793,78,1,-1.8516878
793,79,1,3.4520724
794,58,1,0
794,59,1,13.057877
794,60,1,0
794,62,1,0
794,63,1,-13.867
794,64,1,24.939072
794,65,1,0
794,66,1,0
794,67,1,0
794,68,1,18.661493
794,69,1,0
794,70,1,13.903872
794,71,1,0
794,72,1,23.581524
794,73,1,0
794,74,1,20.978024
794,75,1,0
794,76,1,19.099001
794,77,1,-13.265218
794,78,1,0
794,79,1,0
795,58,1,0
795,59,1,0
795,60,1,0
795,62,1,0
795,63,1,-27.601343
795,64,1,0
795,65,1,0
795,66,1,0
795,67,1,-26.009535
795,68,1,0
795,69,1,0
795,70,1,0
795,71,1,-80.922417
795,72,1,0
795,73,1,0
795,74,1,0
795,75,1,0
795,76,1,0
795,77,1,0
795,78,1,0
795,79,1,0
796,58,1,0
796,59,1,0
796,60,1,0
796,62,1,0
796,63,1,-26.590332
796,64,1,0
796,65,1,23.720022
796,66,1,0
796,67,1,-24.117294
796,68,1,0
796,69,1,13.11482
796,70,1,0
796,71,1,-14.312751
796,72,1,0
796,73,1,-25.168278
796,74,1,0
796,75,1,0
796,76,1,0
796,77,1,0
796,78,1,0
796,79,1,0
797,58,1,0
797,59,1,0
797,60,1,0
797,62,1,0
797,63,1,107.33247
797,64,1,0
797,65,1,0
797,66,1,0
797,67,1,199.35847
797,68,1,0
797,69,1,0
797,70,1,0
797,71,1,8.9580002
797,72,1,0
797,73,1,58.403
797,74,1,0
797,75,1,0
797,76,1,0
797,77,1,15.141
797,78,1,0
797,79,1,0
798,58,1,0
798,59,1,0
798,60,1,0
798,62,1,0
798,63,1,0
798,64,1,0
798,65,1,0
798,66,1,0
798,67,1,0
798,68,1,0
798,69,1,0
798,70,1,0
798,71,1,0
798,72,1,0
798,73,1,0
798,74,1,0
798,75,1,0
798,76,1,0
798,77,1,0
798,78,1,0
798,79,1,0
799,58,1,0
799,59,1,2.9317722
799,60,1,2.6037426
799,62,1,10.915581
799,63,1,13.774435
799,64,1,2.7787061
799,65,1,-14.752533
799,66,1,6.6455531
799,67,1,37.270786
799,68,1,0
799,69,1,0
799,70,1,0
799,71,1,29.540255
799,72,1,5.0274577
799,73,1,6.2814603
799,74,1,17.39826
799,75,1,-9.8973312
799,76,1,18.484125
799,77,1,25.283859
799,78,1,17.825788
799,79,1,0
800,58,1,4.6012282
800,59,1,0
800,60,1,7.3379998
800,62,1,20.070936
800,63,1,27.533838
800,64,1,4.8808646
800,65,1,0
800,66,1,-7.0776186
800,67,1,80.437859
800,68,1,9.208518
800,69,1,5.4776216
800,70,1,2.4896519
800,71,1,19.055786
800,72,1,-11.810806
800,73,1,18.878311
800,74,1,14.522505
800,75,1,-19.618937
800,76,1,8.3965435
800,77,1,9.9510002
800,78,1,3.6256969
800,79,1,2.4017179
801,58,1,0
801,59,1,0
801,60,1,0
801,62,1,-23.284868
801,63,1,-12.697574
801,64,1,0
801,65,1,0
801,66,1,0
801,67,1,-13.005722
801,68,1,0
801,69,1,0
801,70,1,0
801,71,1,-15.253602
801,72,1,0
801,73,1,0
801,74,1,-18.084303
801,75,1,13.716815
801,76,1,-22.906469
801,77,1,27.320589
801,78,1,-11.387686
801,79,1,12.752106
802,58,1,0
802,59,1,0
802,60,1,0
802,62,1,0
802,63,1,10.240623
802,64,1,0
802,65,1,0
802,66,1,0
802,67,1,16.35725
802,68,1,30.204874
802,69,1,34.192322
802,70,1,0
802,71,1,0
802,72,1,0
802,73,1,-26.553923
802,74,1,-18.961832
802,75,1,0
802,76,1,0
802,77,1,-21.568968
802,78,1,0
802,79,1,0
803,58,1,0
803,59,1,0
803,60,1,0
803,62,1,0
803,63,1,0
803,64,1,0
803,65,1,0
803,66,1,0
803,67,1,0
803,68,1,0
803,69,1,0
803,70,1,0
803,71,1,0
803,72,1,0
803,73,1,0
803,74,1,0
803,75,1,0
803,76,1,0
803,77,1,0
803,78,1,0
803,79,1,0
804,58,1,0
804,59,1,34.419739
804,60,1,0
804,62,1,38.953453
804,63,1,0
804,64,1,0
804,65,1,0
804,66,1,0
804,67,1,0
804,68,1,31.61816
804,69,1,0
804,70,1,0
804,71,1,25.185841
804,72,1,0
804,73,1,0
804,74,1,0
804,75,1,0
804,76,1,0
804,77,1,0
804,78,1,0
804,79,1,-56.973438
805,58,1,0
805,59,1,0
805,60,1,0
805,62,1,0
805,63,1,112.21993
805,64,1,0
805,65,1,0
805,66,1,0
805,67,1,0
805,68,1,0
805,69,1,0
805,70,1,0
805,71,1,95.404572
805,72,1,0
805,73,1,0
805,74,1,0
805,75,1,0
805,76,1,0
805,77,1,0
805,78,1,0
805,79,1,24.720854
806,58,1,0
806,59,1,0
806,60,1,0
806,62,1,0
806,63,1,-44.005051
806,64,1,0
806,65,1,0
806,66,1,0
806,67,1,-46.202599
806,68,1,0
806,69,1,0
806,70,1,0
806,71,1,0
806,72,1,0
806,73,1,-37.424225
806,74,1,0
806,75,1,0
806,76,1,0
806,77,1,-24.104664
806,78,1,0
806,79,1,0
807,58,1,0
807,59,1,27.507029
807,60,1,0
807,62,1,33.945389
807,63,1,0
807,64,1,-38.709797
807,65,1,0
807,66,1,0
807,67,1,12.855621
807,68,1,0
807,69,1,0
807,70,1,0
807,71,1,0
807,72,1,-17.427032
807,73,1,13.962849
807,74,1,0
807,75,1,-19.727736
807,76,1,0
807,77,1,0
807,78,1,0
807,79,1,-65.123108
808,58,1,12.60116
808,59,1,6.6516623
808,60,1,0
808,62,1,12.967968
808,63,1,0
808,64,1,0
808,65,1,15.51878
808,66,1,13.724204
808,67,1,0
808,68,1,12.35215
808,69,1,38.611691
808,70,1,0
808,71,1,13.882313
808,72,1,0
808,73,1,0
808,74,1,0
808,75,1,0
808,76,1,8.477972
808,77,1,27.749453
808,78,1,0
808,79,1,0
809,58,1,0
809,59,1,0
809,60,1,0
809,62,1,0
809,63,1,-23.772223
809,64,1,52.290157
809,65,1,0
809,66,1,0
809,67,1,-34.06736
809,68,1,31.647961
809,69,1,0
809,70,1,0
809,71,1,0
809,72,1,0
809,73,1,0
809,74,1,0
809,75,1,0
809,76,1,0
809,77,1,0
809,78,1,0
809,79,1,14.506207
810,58,1,8.7930002
810,59,1,0.27000001
810,60,1,-14.180977
810,62,1,-1.376
810,63,1,-11.932349
810,64,1,76.681999
810,65,1,-12.725213
810,66,1,0
810,67,1,0
810,68,1,-0.86900002
810,69,1,0
810,70,1,0.20299999
810,71,1,-53.44556
810,72,1,-5.2069998
810,73,1,-0.64700001
810,74,1,-1.4069999
810,75,1,-23.101448
810,76,1,-0.954
810,77,1,-25.356195
810,78,1,0
810,79,1,5.0999999E-2
811,58,1,0
811,59,1,-66.691727
811,60,1,0
811,62,1,-14.917177
811,63,1,59.233425
811,64,1,0
811,65,1,0
811,66,1,0
811,67,1,69.867401
811,68,1,0
811,69,1,0
811,70,1,0
811,71,1,0
811,72,1,0
811,73,1,-26.045853
811,74,1,22.415926
811,75,1,0
811,76,1,-25.976868
811,77,1,0
811,78,1,0
811,79,1,0
812,58,1,13.23432
812,59,1,27.210327
812,60,1,0
812,62,1,0
812,63,1,-23.725262
812,64,1,0
812,65,1,0
812,66,1,0
812,67,1,0
812,68,1,0
812,69,1,24.20248
812,70,1,13.482367
812,71,1,0
812,72,1,0
812,73,1,0
812,74,1,0
812,75,1,0
812,76,1,0
812,77,1,-14.243129
812,78,1,0
812,79,1,13.998159
813,58,1,40.736732
813,59,1,8.8935032
813,60,1,0
813,62,1,0
813,63,1,-22.237076
813,64,1,0
813,65,1,0
813,66,1,0
813,67,1,0
813,68,1,19.090282
813,69,1,17.568666
813,70,1,36.163399
813,71,1,0
813,72,1,0
813,73,1,0
813,74,1,0
813,75,1,0
813,76,1,0
813,77,1,-19.090282
813,78,1,0
813,79,1,11.091
814,58,1,13.178926
814,59,1,0
814,60,1,17.360468
814,62,1,0
814,63,1,-6.0392947
814,64,1,0
814,65,1,17.619057
814,66,1,8.8570766
814,67,1,0
814,68,1,0
814,69,1,0
814,70,1,0
814,71,1,-29.826448
814,72,1,0
814,73,1,0
814,74,1,-19.534376
814,75,1,19.817545
814,76,1,39.190609
814,77,1,0
814,78,1,0
814,79,1,0
815,58,1,0
815,59,1,0
815,60,1,0
815,62,1,0
815,63,1,0
815,64,1,0
815,65,1,0
815,66,1,0
815,67,1,0
815,68,1,0
815,69,1,0
815,70,1,0
815,71,1,0
815,72,1,0
815,73,1,0
815,74,1,0
815,75,1,0
815,76,1,0
815,77,1,0
815,78,1,0
815,79,1,0
816,58,1,-5.465302
816,59,1,1.245
816,60,1,-14.262121
816,62,1,-13.02145
816,63,1,-6.6360526
816,64,1,8.8720789
816,65,1,-28.042997
816,66,1,2.8087478
816,67,1,-5.1518064
816,68,1,2.4262486
816,69,1,9.5481548
816,70,1,2.6095381
816,71,1,-4.611937
816,72,1,22.146442
816,73,1,-9.2082386
816,74,1,20.422771
816,75,1,-18.153841
816,76,1,14.234293
816,77,1,-4.5494833
816,78,1,1.9008359
816,79,1,5.1050816
817,58,1,0
817,59,1,0
817,60,1,0
817,62,1,0
817,63,1,-28.435152
817,64,1,0
817,65,1,-22.367825
817,66,1,0
817,67,1,0
817,68,1,0
817,69,1,6.4585104
817,70,1,0
817,71,1,-21.098652
817,72,1,-16.076
817,73,1,-27.03524
817,74,1,-18.877001
817,75,1,0
817,76,1,0
817,77,1,-13.873
817,78,1,0
817,79,1,0
818,58,1,0
818,59,1,0
818,60,1,0
818,62,1,0
818,63,1,0
818,64,1,0
818,65,1,0
818,66,1,0
818,67,1,0
818,68,1,0
818,69,1,0
818,70,1,0
818,71,1,0
818,72,1,0
818,73,1,-12.690145
818,74,1,0
818,75,1,0
818,76,1,0
818,77,1,0
818,78,1,0
818,79,1,0
819,58,1,0
819,59,1,0
819,60,1,0
819,62,1,0
819,63,1,114.40424
819,64,1,0
819,65,1,0
819,66,1,26.181917
819,67,1,0
819,68,1,0
819,69,1,0
819,70,1,0
819,71,1,0
819,72,1,0
819,73,1,0
819,74,1,-32.447109
819,75,1,0
819,76,1,0
819,77,1,0
819,78,1,-62.015423
819,79,1,0
820,58,1,13.101892
820,59,1,1.2987475
820,60,1,15.412862
820,62,1,15.241158
820,63,1,3.6204364
820,64,1,22.22624
820,65,1,1.4151417
820,66,1,1.6227232
820,67,1,0
820,68,1,12.782917
820,69,1,1.2287025
820,70,1,1.2722874
820,71,1,0
820,72,1,2.1747465
820,73,1,25.257
820,74,1,13.719
820,75,1,1.3525954
820,76,1,0
820,77,1,44.089832
820,78,1,8.4969997
820,79,1,1.3923399
821,58,1,0
821,59,1,0
821,60,1,0
821,62,1,17.332499
821,63,1,45.677559
821,64,1,0
821,65,1,0
821,66,1,0
821,67,1,48.902473
821,68,1,0
821,69,1,0
821,70,1,0
821,71,1,108.07011
821,72,1,46.490894
821,73,1,0
821,74,1,19.651854
821,75,1,0
821,76,1,22.800209
821,77,1,0
821,78,1,0
821,79,1,0
822,58,1,0
822,59,1,0
822,60,1,0
822,62,1,0
822,63,1,0
822,64,1,0
822,65,1,0
822,66,1,0
822,67,1,0
822,68,1,0
822,69,1,0
822,70,1,0
822,71,1,0
822,72,1,0
822,73,1,0
822,74,1,0
822,75,1,0
822,76,1,0
822,77,1,0
822,78,1,0
822,79,1,0
823,58,1,0
823,59,1,0
823,60,1,0
823,62,1,0
823,63,1,0
823,64,1,0
823,65,1,0
823,66,1,0
823,67,1,0
823,68,1,0
823,69,1,0
823,70,1,0
823,71,1,0
823,72,1,0
823,73,1,0
823,74,1,0
823,75,1,0
823,76,1,0
823,77,1,0
823,78,1,0
823,79,1,0
824,58,1,0
824,59,1,0
824,60,1,0
824,62,1,0
824,63,1,-31.618343
824,64,1,0
824,65,1,0
824,66,1,0
824,67,1,-32.129906
824,68,1,0
824,69,1,0
824,70,1,0
824,71,1,0
824,72,1,0
824,73,1,-65.490311
824,74,1,0
824,75,1,0
824,76,1,0
824,77,1,0
824,78,1,0
824,79,1,0
825,58,1,0
825,59,1,0
825,60,1,0
825,62,1,0
825,63,1,0
825,64,1,0
825,65,1,0
825,66,1,0
825,67,1,0
825,68,1,0
825,69,1,0
825,70,1,0
825,71,1,0
825,72,1,0
825,73,1,0
825,74,1,0
825,75,1,0
825,76,1,0
825,77,1,0
825,78,1,0
825,79,1,0
826,58,1,0
826,59,1,0
826,60,1,0
826,62,1,0
826,63,1,0
826,64,1,0
826,65,1,0
826,66,1,0
826,67,1,0
826,68,1,76.593353
826,69,1,0
826,70,1,0
826,71,1,0
826,72,1,0
826,73,1,0
826,74,1,0
826,75,1,0
826,76,1,0
826,77,1,28.203644
826,78,1,39.898064
826,79,1,0
827,58,1,0
827,59,1,0
827,60,1,0
827,62,1,0
827,63,1,0
827,64,1,0
827,65,1,-28.766298
827,66,1,0
827,67,1,-6.016746
827,68,1,-89.94191
827,69,1,0
827,70,1,0
827,71,1,-24.153643
827,72,1,0
827,73,1,0
827,74,1,-22.98221
827,75,1,0
827,76,1,-32.314777
827,77,1,-32.233952
827,78,1,-29.632999
827,79,1,12.362482
828,58,1,0
828,59,1,0
828,60,1,0
828,62,1,0
828,63,1,-2.3610001
828,64,1,-27.87776
828,65,1,24.299826
828,66,1,14.080253
828,67,1,-11.793182
828,68,1,-75.520706
828,69,1,0
828,70,1,0
828,71,1,-13.871968
828,72,1,0
828,73,1,0
828,74,1,0
828,75,1,0
828,76,1,0
828,77,1,-35.698128
828,78,1,0
828,79,1,0
829,58,1,0
829,59,1,12.416274
829,60,1,39.672356
829,62,1,0
829,63,1,0
829,64,1,0
829,65,1,23.551374
829,66,1,0
829,67,1,-19.586798
829,68,1,17.053537
829,69,1,0
829,70,1,0
829,71,1,0
829,72,1,22.557926
829,73,1,0
829,74,1,0
829,75,1,0
829,76,1,0
829,77,1,0
829,78,1,0
829,79,1,0
830,58,1,32.824482
830,59,1,0
830,60,1,0
830,62,1,0
830,63,1,0
830,64,1,53.883141
830,65,1,0
830,66,1,51.008373
830,67,1,0
830,68,1,0
830,69,1,0
830,70,1,36.511761
830,71,1,0
830,72,1,0
830,73,1,0
830,74,1,0
830,75,1,0
830,76,1,0
830,77,1,0
830,78,1,0
830,79,1,0
831,58,1,0
831,59,1,-25.60668
831,60,1,-32.582417
831,62,1,0
831,63,1,0
831,64,1,0
831,65,1,0
831,66,1,0
831,67,1,0
831,68,1,0
831,69,1,0
831,70,1,0
831,71,1,0
831,72,1,0
831,73,1,0
831,74,1,0
831,75,1,0
831,76,1,0
831,77,1,0
831,78,1,0
831,79,1,0
832,58,1,0
832,59,1,22.438799
832,60,1,0
832,62,1,24.603315
832,63,1,-33.400692
832,64,1,0
832,65,1,0
832,66,1,0
832,67,1,-10.354669
832,68,1,0
832,69,1,0
832,70,1,0
832,71,1,-12.58133
832,72,1,0
832,73,1,0
832,74,1,35.589935
832,75,1,0
832,76,1,-13.33622
832,77,1,0
832,78,1,0
832,79,1,-28.292007
833,58,1,0
833,59,1,0
833,60,1,0
833,62,1,-28.673351
833,63,1,-39.075737
833,64,1,0
833,65,1,0
833,66,1,-23.867426
833,67,1,-13.191053
833,68,1,0
833,69,1,0
833,70,1,0
833,71,1,0
833,72,1,0
833,73,1,-13.079072
833,74,1,20.429453
833,75,1,0
833,76,1,0
833,77,1,-12.60819
833,78,1,0
833,79,1,12.178525
834,58,1,0
834,59,1,0
834,60,1,13.563654
834,62,1,-70.218002
834,63,1,-28.418236
834,64,1,0
834,65,1,0
834,66,1,0
834,67,1,0
834,68,1,31.285999
834,69,1,0
834,70,1,0
834,71,1,-16.246
834,72,1,0
834,73,1,0
834,74,1,0
834,75,1,0
834,76,1,0
834,77,1,0
834,78,1,0
834,79,1,0
835,58,1,1.6484352
835,59,1,0
835,60,1,0
835,62,1,0
835,63,1,-2.7620924
835,64,1,-5.8698106
835,65,1,0
835,66,1,0
835,67,1,0
835,68,1,0
835,69,1,0
835,70,1,0
835,71,1,-2.9399543
835,72,1,0
835,73,1,-2.6498287
835,74,1,-2.303719
835,75,1,0
835,76,1,-2.4032652
835,77,1,-1.5405828
835,78,1,-1.8676751
835,79,1,1.1541914
836,58,1,0
836,59,1,0
836,60,1,-30.64267
836,62,1,-37.268608
836,63,1,0
836,64,1,29.207155
836,65,1,-22.460239
836,66,1,0
836,67,1,0
836,68,1,-58.448368
836,69,1,0
836,70,1,0
836,71,1,0
836,72,1,45.287792
836,73,1,0
836,74,1,0
836,75,1,0
836,76,1,26.097258
836,77,1,0
836,78,1,0
836,79,1,0
837,58,1,0
837,59,1,0
837,60,1,0
837,62,1,0
837,63,1,0
837,64,1,0
837,65,1,0
837,66,1,0
837,67,1,0
837,68,1,61.792797
837,69,1,0
837,70,1,0
837,71,1,0
837,72,1,0
837,73,1,0
837,74,1,0
837,75,1,0
837,76,1,0
837,77,1,0
837,78,1,0
837,79,1,59.759781
838,58,1,0
838,59,1,0
838,60,1,1.286
838,62,1,0
838,63,1,-0.70700002
838,64,1,-30.785999
838,65,1,0
838,66,1,-65.649208
838,67,1,-0.93599999
838,68,1,4.2470002
838,69,1,0.40900001
838,70,1,0
838,71,1,-0.85399997
838,72,1,-23.631342
838,73,1,-7.1999997E-2
838,74,1,-10.699321
838,75,1,-24.13118
838,76,1,-23.938061
838,77,1,-1.041
838,78,1,-0.93099999
838,79,1,-12.456358
839,58,1,5.0336595
839,59,1,5.2726908
839,60,1,3.6347275
839,62,1,3.1574321
839,63,1,0
839,64,1,-3.5145807
839,65,1,37.034882
839,66,1,8.9179115
839,67,1,-2.6853611
839,68,1,27.654787
839,69,1,2.6104167
839,70,1,3.2127731
839,71,1,6.5778856
839,72,1,-3.339
839,73,1,7.3808503
839,74,1,-8.0622463
839,75,1,4.2217603
839,76,1,4.6405215
839,77,1,23.412226
839,78,1,11.150052
839,79,1,8.5168562
840,58,1,-21.052839
840,59,1,-47.166817
840,60,1,0
840,62,1,0
840,63,1,39.769001
840,64,1,-18.165787
840,65,1,3.5020001
840,66,1,19.103342
840,67,1,0
840,68,1,23.420349
840,69,1,-23.035999
840,70,1,11.615463
840,71,1,0
840,72,1,-12.518368
840,73,1,-0.20999999
840,74,1,-10.059227
840,75,1,0
840,76,1,0
840,77,1,0
840,78,1,0
840,79,1,0
841,58,1,12.417395
841,59,1,29.417442
841,60,1,7.229538
841,62,1,8.1561155
841,63,1,0
841,64,1,0
841,65,1,0
841,66,1,0
841,67,1,0
841,68,1,16.645889
841,69,1,0
841,70,1,0
841,71,1,0
841,72,1,0
841,73,1,0
841,74,1,0
841,75,1,28.306595
841,76,1,0
841,77,1,35.414349
841,78,1,0
841,79,1,12.62371
842,58,1,4.0977559
842,59,1,11.700891
842,60,1,4.2004828
842,62,1,-5.3947668
842,63,1,-18.623718
842,64,1,21.195328
842,65,1,-18.726267
842,66,1,3.9200261
842,67,1,-12.634
842,68,1,0
842,69,1,4.7661018
842,70,1,3.9420838
842,71,1,-5.1750002
842,72,1,0
842,73,1,-6.5060291
842,74,1,-7.7195063
842,75,1,4.0881448
842,76,1,4.7566829
842,77,1,-5.4369998
842,78,1,-6.8530002
842,79,1,11.926779
843,58,1,1.3760587
843,59,1,12.107113
843,60,1,13.209662
843,62,1,0
843,63,1,28.326166
843,64,1,0
843,65,1,11.842003
843,66,1,0
843,67,1,30.008686
843,68,1,10.526
843,69,1,25.02434
843,70,1,0
843,71,1,25.649704
843,72,1,0
843,73,1,0
843,74,1,0
843,75,1,0
843,76,1,0
843,77,1,0
843,78,1,21.076948
843,79,1,2.3851078
844,58,1,0
844,59,1,0
844,60,1,0
844,62,1,0
844,63,1,0
844,64,1,0
844,65,1,0
844,66,1,0
844,67,1,0
844,68,1,12.573051
844,69,1,0
844,70,1,0
844,71,1,0
844,72,1,0
844,73,1,227.94513
844,74,1,0
844,75,1,0
844,76,1,0
844,77,1,0
844,78,1,0
844,79,1,0
845,58,1,25.253
845,59,1,0
845,60,1,0
845,62,1,-12.446406
845,63,1,-6.3544574
845,64,1,17.820383
845,65,1,-7.7973914
845,66,1,-11.117632
845,67,1,0
845,68,1,-42.223907
845,69,1,0
845,70,1,7.5438385
845,71,1,12.654033
845,72,1,7.3229184
845,73,1,-6.5721784
845,74,1,-19.857706
845,75,1,7.427
845,76,1,0
845,77,1,0
845,78,1,12.095682
845,79,1,-19.744453
846,58,1,-62.269104
846,59,1,-16.479424
846,60,1,6.5804238
846,62,1,0
846,63,1,-21.115278
846,64,1,4.2096224
846,65,1,0
846,66,1,0
846,67,1,-14.291694
846,68,1,0
846,69,1,-42.007366
846,70,1,0
846,71,1,-7.5892639
846,72,1,0
846,73,1,0
846,74,1,-9.5399847
846,75,1,0
846,76,1,-23.569868
846,77,1,-10.391232
846,78,1,0
846,79,1,0
847,58,1,0
847,59,1,0
847,60,1,0
847,62,1,0
847,63,1,0
847,64,1,0
847,65,1,0
847,66,1,0
847,67,1,0
847,68,1,0
847,69,1,0
847,70,1,0
847,71,1,0
847,72,1,0
847,73,1,0
847,74,1,0
847,75,1,0
847,76,1,0
847,77,1,0
847,78,1,0
847,79,1,0
848,58,1,-11.792336
848,59,1,9.5582705
848,60,1,19.53244
848,62,1,-13.302928
848,63,1,-13.411328
848,64,1,9.4461327
848,65,1,17.436417
848,66,1,4.0449085
848,67,1,-5.3172116
848,68,1,3.631923
848,69,1,6.8447146
848,70,1,-5.2328348
848,71,1,-1.5712948
848,72,1,4.0816894
848,73,1,-7.1083236
848,74,1,3.7741885
848,75,1,2.6683629
848,76,1,3.0761743
848,77,1,2.8391838
848,78,1,0
848,79,1,3.519537
849,58,1,0
849,59,1,0
849,60,1,29.468208
849,62,1,32.768688
849,63,1,80.550972
849,64,1,0
849,65,1,0
849,66,1,0
849,67,1,0
849,68,1,0
849,69,1,0
849,70,1,0
849,71,1,0
849,72,1,-34.989082
849,73,1,0
849,74,1,0
849,75,1,20.309809
849,76,1,22.62232
849,77,1,42.772511
849,78,1,0
849,79,1,0
850,58,1,0
850,59,1,0
850,60,1,0
850,62,1,0
850,63,1,-19.924
850,64,1,0
850,65,1,0
850,66,1,-18.355942
850,67,1,0
850,68,1,-47.848389
850,69,1,0
850,70,1,-43.105225
850,71,1,0
850,72,1,0
850,73,1,-12.422804
850,74,1,-26.106197
850,75,1,-18.79369
850,76,1,-26.517242
850,77,1,-9.1611204
850,78,1,-15.129789
850,79,1,-54.422749
851,58,1,0
851,59,1,0
851,60,1,0
851,62,1,0
851,63,1,-14.851
851,64,1,0
851,65,1,0
851,66,1,0
851,67,1,-12.393231
851,68,1,7.0756426
851,69,1,0
851,70,1,0
851,71,1,35.879883
851,72,1,0
851,73,1,-12.85167
851,74,1,-9.6145916
851,75,1,0
851,76,1,0
851,77,1,-34.690327
851,78,1,0
851,79,1,0
852,58,1,0
852,59,1,0
852,60,1,0
852,62,1,0
852,63,1,0
852,64,1,0
852,65,1,0
852,66,1,0
852,67,1,0
852,68,1,0
852,69,1,0
852,70,1,0
852,71,1,0
852,72,1,0
852,73,1,0
852,74,1,0
852,75,1,0
852,76,1,0
852,77,1,0
852,78,1,0
852,79,1,0
853,58,1,0
853,59,1,0
853,60,1,0
853,62,1,0
853,63,1,0
853,64,1,0
853,65,1,0
853,66,1,0
853,67,1,0
853,68,1,0
853,69,1,0
853,70,1,0
853,71,1,0
853,72,1,0
853,73,1,0
853,74,1,0
853,75,1,0
853,76,1,0
853,77,1,0
853,78,1,0
853,79,1,0
854,58,1,0
854,59,1,0
854,60,1,0
854,62,1,0
854,63,1,0
854,64,1,0
854,65,1,0
854,66,1,0
854,67,1,0
854,68,1,0
854,69,1,0
854,70,1,0
854,71,1,0
854,72,1,0
854,73,1,0
854,74,1,0
854,75,1,0
854,76,1,0
854,77,1,0
854,78,1,0
854,79,1,0
855,58,1,0
855,59,1,0
855,60,1,0
855,62,1,0
855,63,1,0
855,64,1,0
855,65,1,0
855,66,1,0
855,67,1,0
855,68,1,0
855,69,1,0
855,70,1,0
855,71,1,0
855,72,1,0
855,73,1,0
855,74,1,0
855,75,1,0
855,76,1,0
855,77,1,0
855,78,1,0
855,79,1,0
856,58,1,0
856,59,1,0
856,60,1,0
856,62,1,0
856,63,1,0
856,64,1,0
856,65,1,0
856,66,1,0
856,67,1,0
856,68,1,0
856,69,1,0
856,70,1,0
856,71,1,0
856,72,1,0
856,73,1,0
856,74,1,0
856,75,1,0
856,76,1,0
856,77,1,0
856,78,1,0
856,79,1,0
857,58,1,0
857,59,1,0
857,60,1,0
857,62,1,0
857,63,1,0
857,64,1,0
857,65,1,0
857,66,1,0
857,67,1,0
857,68,1,0
857,69,1,0
857,70,1,0
857,71,1,0
857,72,1,0
857,73,1,0
857,74,1,0
857,75,1,0
857,76,1,0
857,77,1,0
857,78,1,0
857,79,1,0
858,58,1,0
858,59,1,0
858,60,1,0
858,62,1,0
858,63,1,0
858,64,1,0
858,65,1,0
858,66,1,0
858,67,1,0
858,68,1,0
858,69,1,0
858,70,1,0
858,71,1,0
858,72,1,0
858,73,1,0
858,74,1,0
858,75,1,0
858,76,1,0
858,77,1,0
858,78,1,0
858,79,1,0
859,58,1,0
859,59,1,0
859,60,1,0
859,62,1,0
859,63,1,0
859,64,1,0
859,65,1,0
859,66,1,0
859,67,1,0
859,68,1,0
859,69,1,0
859,70,1,0
859,71,1,0
859,72,1,0
859,73,1,0
859,74,1,0
859,75,1,0
859,76,1,0
859,77,1,0
859,78,1,0
859,79,1,0
860,58,1,0
860,59,1,0
860,60,1,0
860,62,1,0
860,63,1,0
860,64,1,0
860,65,1,0
860,66,1,0
860,67,1,0
860,68,1,0
860,69,1,0
860,70,1,0
860,71,1,0
860,72,1,0
860,73,1,0
860,74,1,0
860,75,1,0
860,76,1,0
860,77,1,0
860,78,1,0
860,79,1,0
861,58,1,0
861,59,1,0
861,60,1,0
861,62,1,0
861,63,1,0
861,64,1,0
861,65,1,0
861,66,1,0
861,67,1,0
861,68,1,0
861,69,1,0
861,70,1,0
861,71,1,0
861,72,1,0
861,73,1,0
861,74,1,0
861,75,1,0
861,76,1,0
861,77,1,0
861,78,1,0
861,79,1,0
862,58,1,0
862,59,1,0
862,60,1,0
862,62,1,0
862,63,1,0
862,64,1,0
862,65,1,0
862,66,1,0
862,67,1,0
862,68,1,0
862,69,1,0
862,70,1,0
862,71,1,0
862,72,1,0
862,73,1,0
862,74,1,0
862,75,1,0
862,76,1,0
862,77,1,0
862,78,1,0
862,79,1,0
863,58,1,0
863,59,1,0
863,60,1,0
863,62,1,0
863,63,1,0
863,64,1,0
863,65,1,0
863,66,1,0
863,67,1,0
863,68,1,0
863,69,1,0
863,70,1,0
863,71,1,0
863,72,1,0
863,73,1,0
863,74,1,0
863,75,1,0
863,76,1,0
863,77,1,0
863,78,1,0
863,79,1,0
